5449000258434
5000112632934
5449000131812
5449000131836
5000112647235
5449000000996
5449000050205
5449000054227
5449000000965
5449000050090
5449000230119
5449000230102
5000112632941
54491472
54492387
54007673
5449000131805
5000112607598
5000112653342
5000112645019
5449000185549
5449000222817
42394778
7613287431400
6294003596620
7613287099761
7613287757982
6222020800444
7613036704069
8593893775497
6294017121313
7613287055118
6294017118559
6294017117309_RedCrescent
5900020032959
6294017117309
7613035722224_RedCrescent
6294017118597
7613031341726
7613287806024_RedCrescent
7613287806086_RedCrescent
6294003539061
7613287806086
7613287485212_RedCrescent
7613287470089_RedCrescent
7613287470089
50294282
7613037316964
8901058890501
6294017100721
6294017112687
3387390324037
5900020039330
7613036873581
7613033160141
8901058892635
7613287485212
6294017109526
3033710061983
3387390326468
6294003582739
6294003557287
7613036704076
8690632047928
5900020033345
8801055708550
6297000125183
7613287805782
6294017106624
6294003588274
6294003596613
7613034955098
6294003557409
7613036425322
6294003557324
8888082900775
8886472105922
4792024016353
7613036438100
5900020025081
5900020025074
6294017120040
6294003596514
7613287125675
8886472105946
6294003583071
6294017106525
7613287484536
7616100111817
7613036691390
7613287806024
7613033882678
7613039587003
3387390334470
7616100011568
8850124080202
6294003598273
6294003545581
6294003533397
6294003597610
7613035279025
8886472105984
7613036438964
6294003597627
3387390407716
7613034155030
4800361381246
8690632047942
6294003557300
7613034389138
6294003557362
7613287428455
6294017117323
6294003557461
6294003557249
6294017106648
7613031370641
6294003557348
6294003598372
6294003562540
6294003580421
6294003569006
6294003569013
6294017101100
7613036754507
6297000125213
6297000125206
6297000125190
5900020030276
7613036425292
7613036410182
6297000125046
5900020031044
6297000125121
6297000125039
6294017101117
7613039093610
5900020039316
5900020030856
6222020802899
7613036668910
5900020038777
5900020030870
7613038477299
6297000125138
6294003544805
7613037574425
6297000125107
7613034989253
6294003585518
7616100446452
8850124011053
7613039093801
7616100060290
7613036734028
7613035722224
6294003598839
6294003547790
6294003557423
7613287428622
3387390339499
7613032309459
6294003545604
6294017106549
5011546418834
7613038323701
6294003544690
8850124020550
8850124020000
6294003582678
7613287484277
6294003562083
8850124085917
6294017106501
8850124019967
6211002513403
7891000040874
8002270028281
8000815084709
8000815004776
